AAVSO  (https://www.aavso.org/LCG)                                                                  
HJD                 BJD                  E        (O-C)(days)  Err         
2454272.5044574     2454272.505194       59917    0.00159      1.87919E-4  
2454306.4486804     2454306.449416       60160    0.00116      1.58901E-4  
2454313.4328018     2454313.433537       60210    7.816E-4     5.51972E-4  
2454651.4833144     2454651.484045       62630    0.00163      2.96343E-4  
2454670.481224      2454670.481955       62766    0.00171      6.50528E-4  
2454810.3110669     2454810.311797       63767    0.00193      5.52731E-4  
2455004.4795243     2455004.480268       65157    0.00138      2.66886E-4  
2455038.4237721     2455038.424516       65400    9.71999E-4   4.5317E-4   
2455052.39289       2455052.393634       65500    0.0011       8.37249E-4  
2455463.3617757     2455463.362528       68442    0.00219      4.93951E-4  
2455464.3397225     2455464.340475       68449    0.0023       1.06394E-4  
2455490.3214829     2455490.322236       68635    0.00174      6.67988E-4  
2455777.3847016     2455777.385464       70690    0.00214      4.48169E-4  
2455783.3910233     2455783.391785       70733    0.00179      2.22811E-4  
2455903.245666      2455903.246431       71591    0.00247      4.69568E-4  
2456131.4987418     2456131.499525       73225    0.0022       8.78905E-5  
2456149.5190825     2456149.519866       73354    0.00254      1.76134E-4  
2456150.4967647     2456150.497548       73361    0.00239      2.82375E-4  
2456215.313054      2456215.313839       73825    0.00255      1.29282E-4  
2456446.4999872     2456446.500775       75480    0.00264      2.19836E-4  
2456453.4846936     2456453.485482       75530    0.00285      1.35791E-4  
2456478.4889921     2456478.489781       75709    0.00265      2.39171E-4  
2457177.4976353     2457177.498418       80713    0.00282      3.5196E-4   
2457184.4816681     2457184.482451       80763    0.00236      1.5972E-4   
2457203.4798271     2457203.480609       80899    0.00268      2.57634E-4  
2457293.3010543     2457293.301846       81542    0.00329      2.85911E-4  
2457303.3579814     2457303.358773       81614    0.00254      1.47225E-4  
2457563.461568      2457563.462352       83476    0.00345      1.46133E-4  
2457587.4880383     2457587.488821       83648    0.00325      2.67567E-4  
2457590.4214345     2457590.422217       83669    0.00316      5.03605E-4  
2457960.4604194     2457960.461202       86318    0.00349      3.97767E-4  
2457971.4960018     2457971.496783       86397    0.00357      1.65296E-4  
2457978.4805946     2457978.481376       86447    0.00366      1.61631E-4  
2458294.4591586     2458294.45993        88709    0.00357      2.67502E-4  
2458295.4367561     2458295.437527       88716    0.00334      3.04627E-4  
2458314.4351911     2458314.435962       88852    0.00395      1.45962E-4  
2458655.4180458     2458655.418809       91293    0.00365      5.93648E-4  
2458665.4760451     2458665.476808       91365    0.00397      1.3415E-4   
2458666.4537572     2458666.45452        91372    0.00385      1.62193E-4  
2457236.5870761     2457236.587869       81136    0.00343      8.80529E-4  
2457240.4974155     2457240.498209       81164    0.00245      4.81881E-4  
2457245.387696      2457245.388489       81199    0.00358      7.57156E-4  
2457245.5265883     2457245.527382       81200    0.00279      3.93655E-4  
2457246.3661394     2457246.366933       81206    0.0042       3.44765E-4  
2457246.504638      2457246.505431       81207    0.00301      7.35E-4     
2457239.3806061     2457239.381399       81156    0.00316      5.12464E-4  
2457239.5197863     2457239.52058        81157    0.00265      2.71896E-4  
2457240.4975732     2457240.498367       81164    0.00261      3.08743E-4  
2457244.4091467     2457244.40994        81192    0.00286      7.1846E-4   
2457244.5492239     2457244.550017       81193    0.00325      5.5244E-4   
2457248.3207215     2457248.321515       81220    0.00312      6.0965E-4   
2457248.4605506     2457248.461344       81221    0.00326      3.21812E-4  
2453199.964741      2453199.965498       52239    0.00125      9.80885E-5  
2453200.1039627     2453200.10472        52240    7.864E-4     1.1369E-4   
2453216.7275241     2453216.72828        52359    0.00124      6.87859E-5  
2453217.705368      2453217.706124       52366    0.00126      9.46208E-5  
2453220.77827       2453220.779026       52388    9.8128E-4    1.28812E-4  
2453220.9174907     2453220.918247       52389    5.1234E-4    2.50642E-4  
2453221.7561088     2453221.756865       52395    9.907E-4     6.24188E-5  
2453221.8958331     2453221.896589       52396    0.00102      9.8429E-5   
2453222.7339161     2453222.734672       52402    9.6812E-4    1.13972E-4  
2453222.873463      2453222.874219       52403    8.2518E-4    1.37579E-4  
2453224.8288893     2453224.829645       52417    5.9202E-4    1.39382E-4  
2453225.8069811     2453225.807737       52424    8.5444E-4    8.98718E-5  
2453226.7848208     2453226.785577       52431    8.6486E-4    1.22786E-4  
2453227.7626746     2453227.763431       52438    8.8928E-4    1.09056E-4  
2453228.7404008     2453228.741157       52445    7.857E-4     8.06781E-5  
2453228.8802274     2453228.880984       52446    9.2276E-4    8.33601E-5  
2453230.6962403     2453230.696996       52459    9.6554E-4    8.57725E-5  
2453230.8359506     2453230.836707       52460    9.866E-4     1.12511E-4  
2453231.6739541     2453231.67471        52466    8.4996E-4    8.53295E-5  
2453231.8133298     2453231.814086       52467    5.3602E-4    1.19352E-4  
2453233.7698599     2453233.770616       52481    0.00141      1.08388E-4  
2453234.7475098     2453234.748266       52488    0.00123      1.05238E-4  
2453235.7249559     2453235.725712       52495    8.437E-4     1.14634E-4  
2453236.7030266     2453236.703783       52502    0.00109      3.90496E-5  
2453236.8426354     2453236.843391       52503    0.001        1.0073E-4   
2453237.8205648     2453237.821321       52510    0.0011       1.12768E-4  
2453238.7982148     2453238.798971       52517    9.2402E-4    8.89397E-5  
2453239.7760191     2453239.776775       52524    8.9844E-4    1.27279E-4  
2453241.7319214     2453241.732677       52538    0.00114      1.75749E-4  
2453242.7095874     2453242.710343       52545    9.777E-4     1.16527E-4  
2453242.8495803     2453242.850336       52546    0.00128      1.45814E-4  
2453243.687466      2453243.688222       52552    0.00103      1.16642E-4  
2453245.7826341     2453245.78339        52567    8.4602E-4    1.32114E-4  
2453247.7380899     2453247.738845       52581    6.4186E-4    1.39852E-4  
2453248.7162804     2453248.717036       52588    0.001        1.2653E-4   
2453249.6939444     2453249.6947         52595    8.377E-4     1.57683E-4  
2453250.6723905     2453250.673146       52602    0.00145      1.72875E-4  
2453250.8114768     2453250.812232       52603    8.5018E-4    1.04832E-4  
2453251.6501215     2453251.650877       52609    0.00136      1.52487E-4  
2453251.789511      2453251.790266       52610    0.00105      1.04953E-4  
2453252.7675809     2453252.768336       52617    0.0013       8.4526E-5   
2453253.7451449     2453253.7459         52624    0.00103      1.30191E-4  
2453254.7232991     2453254.724054       52631    0.00135      1.20694E-4  
2457237.4247151     2457237.425508       81142    0.00293      4.0594E-4   
2457243.9898981     2457243.990691       81189    0.00268      3.00797E-4  
2457650.767396      2457650.768177       84101    0.00307      4.72027E-5  
2456222.5771114     2456222.577896       73877    0.00273      8.7971E-4   
2458658.7702444     2458658.771008       91317    0.00329      2.74207E-4  
2458659.7487391     2458659.749502       91324    0.00395      3.62791E-4  
2458661.7044847     2458661.705248       91338    0.00404      3.34724E-4  
2458662.821438      2458662.822201       91346    0.00347      9.21184E-5  
2458735.5999654     2458735.600728       91867    0.00354      4.37649E-4  
2457235.7482316     2457235.749025       81130    0.00272      3.18054E-4  
2457235.8875689     2457235.888362       81131    0.00237      6.46512E-4  
2457236.8661834     2457236.866977       81138    0.00316      8.92699E-4  
2457248.7396867     2457248.74048        81223    0.00302      1.15295E-4  
2457248.8796934     2457248.880487       81224    0.00333      1.75491E-4  
2456156.5031963     2456156.50398        73404    0.00216      5.24495E-4  
2456144.7691105     2456144.769894       73320    0.00203      9.89721E-4  
2456146.5854488     2456146.586232       73333    0.00239      2.47761E-4  
2456147.5634158     2456147.564199       73340    0.00253      3.76531E-4  
2456148.5417937     2456148.542577       73347    0.00308      4.32257E-4  
2456151.6145457     2456151.615329       73369    0.00265      2.991E-4    
2456152.5918457     2456152.59263        73376    0.00212      3.94354E-4  
2456153.5700451     2456153.570829       73383    0.00249      4.77487E-4  
2456154.5481421     2456154.548926       73390    0.00276      2.7084E-4   
2456155.5260292     2456155.526813       73397    0.00282      4.14135E-4  
2456160.5546489     2456160.555433       73433    0.0026       6.02536E-4  
2455383.7378475     2455383.738598       67872    0.00152      5.70372E-4  
2455388.9065105     2455388.907261       67909    0.00166      6.5407E-4   
2455390.8624761     2455390.863227       67923    0.00196      6.00668E-4  
2455394.7736987     2455394.77445        67951    0.00187      2.08212E-4  
2455395.8915483     2455395.892299       67959    0.0022       5.37311E-4  
2455403.8523909     2455403.853142       68016    7.1496E-4    8.07139E-4  
2457231.8376782     2457231.838472       81102    0.00349      1.61181E-4  
2457232.8152261     2457232.81602        81109    0.00321      1.90463E-4  
2457232.9547164     2457232.95551        81110    0.00301      1.1634E-4   
2457233.7930017     2457233.793795       81116    0.00315      3.40949E-4  
2457233.9327404     2457233.933534       81117    0.0032       2.64682E-4  
2457234.7708032     2457234.771597       81123    0.00313      3.72143E-4  
2457234.9101656     2457234.910959       81124    0.0028       3.83246E-4  
2457235.7481342     2457235.748928       81130    0.00263      1.6843E-4   
2457235.8878362     2457235.88863        81131    0.00264      2.71566E-4  
2457238.8214307     2457238.822224       81152    0.00275      3.05059E-4  
2457238.9614437     2457238.962237       81153    0.00307      2.893E-4    
2457239.7996398     2457239.800433       81159    0.00312      4.5094E-4   
2457239.9391356     2457239.939929       81160    0.00293      2.50401E-4  
2457240.7772471     2457240.77804        81166    0.0029       2.25461E-4  
2457240.9171225     2457240.917916       81167    0.00309      1.96308E-4  
2457241.7552662     2457241.75606        81173    0.00309      2.94868E-4  
2457241.8946016     2457241.895395       81174    0.00274      1.31851E-4  
2457242.7328943     2457242.733688       81180    0.00289      1.77188E-4  
2457242.8725989     2457242.873392       81181    0.0029       5.38257E-5  
2457247.7619197     2457247.762713       81216    0.00308      2.04766E-4  
2457247.9019251     2457247.902718       81217    0.00339      1.29105E-4  
2457250.6951904     2457250.695984       81237    0.00286      1.55545E-4  
2457250.8348098     2457250.835603       81238    0.00279      1.48996E-4  
2457251.8128079     2457251.813601       81245    0.00296      1.18408E-4  
2456110.6852922     2456110.686075       73076    0.00255      7.52489E-4  
2456114.73572       2456114.736503       73105    0.00197      8.37559E-4  
2456115.7139316     2456115.714714       73112    0.00235      6.7483E-4   
2457250.9745538     2457250.975347       81239    0.00284      6.38445E-5  
2457251.9530734     2457251.953867       81246    0.00353      9.95672E-5  
2457252.091807      2457252.0926         81247    0.00258      8.97897E-5  
2457252.9306091     2457252.931402       81253    0.00324      7.30454E-5  
2457253.0703841     2457253.071177       81254    0.00332      2.18234E-4  
2457253.9082332     2457253.909026       81260    0.00303      1.3461E-4   
2457254.0476252     2457254.048418       81261    0.00274      8.04768E-5  
2457251.6732363     2457251.67403        81244    0.00308      3.00478E-4  
2457237.2854258     2457237.286219       81141    0.00333      1.80473E-4  
2457237.4245892     2457237.425383       81142    0.0028       2.00712E-4  
2457247.342689      2457247.343482       81213    0.00292      2.53434E-4  
2457245.8061137     2457245.806907       81202    0.00293      1.74648E-4  
2457246.7839736     2457246.784767       81209    0.00296      3.11617E-4  
2457251.673416      2457251.674209       81244    0.00326      2.00475E-4  
2457253.7684074     2457253.769201       81259    0.0029       1.69077E-4  
2457253.9082091     2457253.909002       81260    0.00301      2.57362E-4  
2457254.7461667     2457254.74696        81266    0.00283      4.38009E-4  
2457254.8857004     2457254.886494       81267    0.00267      6.34656E-4  
2451708.4943952     2451708.495145       41562    3.9072E-4    2.11764E-4  
2451712.5454638     2451712.546214       41591    4.5146E-4    1.94575E-4  
2451714.5013629     2451714.502113       41605    6.913E-4     2.21493E-4  
2451715.4782636     2451715.479014       41612    -2.3728E-4   1.73093E-4  
2451724.5581994     2451724.55895        41677    -1.4738E-4   1.19823E-4  
2457239.5198491     2457239.520642       81157    0.00271      7.43178E-5  
2457240.4975649     2457240.498358       81164    0.0026       6.15519E-5  


\uFEFFO-C gateway  (http://var2.astro.cz/ocgat)
HJD             BJD                 E         O-C(days)        Err
2445902.8406    2445902.841188      1         3.00598E-5       5E-4           
2445906.7518    2445906.752388      29        -8.826E-5        5E-4
2445928.8217    2445928.822288      187       -0.0012          5E-4
2445944.7482    2445944.748788      301       6.4806E-4        5E-4
2445944.8875    2445944.888088      302       2.5812E-4        5E-4
2445945.7270    2445945.727588      308       0.00162          5E-4
2445945.8649    2445945.865488      309       -1.7146E-4       5E-4
2445971.7071    2445971.707688      494       -6.1036E-4       5E-4
2446295.7882    2446295.788799      2814      -1.6016E-4       5E-4
2446324.7042    2446324.704799      3021      2.226E-5         5E-4
2446344.6793    2446344.679899      3164      -5.3916E-4       5E-4
2454272.5044    2454272.505136      59917     0.00153          5E-4
2454306.4486    2454306.449335      60160     0.00108          5E-4
2454313.4326    2454313.433335      60210     5.796E-4         5E-4
2454651.4833    2454651.484031      62630     0.00162          5E-4
2454670.4810    2454670.481731      62766     0.00149          5E-4
2454810.3110    2454810.31173       63767     0.00186          5E-4
2455004.4795    2455004.480244      65157     0.00136          5E-4
2455006.4348    2455006.435544      65171     9.9626E-4        5E-4
2455038.4235    2455038.424244      65400     7E-4             5E-4
2455052.3929    2455052.393644      65500     0.00111          5E-4
2455463.3618    2455463.362552      68442     0.00221          5E-4
2455464.3398    2455464.340553      68449     0.00238          5E-4
2455490.3214    2455490.322153      68635     0.00165          5E-4
2455777.3847    2455777.385462      70690     0.00214          5E-4
2455783.3909    2455783.391662      70733     0.00167          5E-4
2455903.2455    2455903.246265      71591     0.0023           5E-4
                                                              

Ref(Dhillon V.S., Marsh T.R., Dones D.H.P. 1991, MNRAS,252, 342):
HJD                 BJD                E        (O-C)(days)   Err
2447686.54156       2447686.542205     12770    2.032E-4      5E-4
2447686.68121       2447686.681855     12771    1.6326E-4     5E-4
2447788.37501       2447788.375657     13498    -3.1106E-4    5E-4
2447790.47069       2447790.471337     13514    1.98395E-5    5E-4
2447791.44839       2447791.449037     13520    -1.0974E-4    5E-4
2447793.4038        2447793.404447     13534    -3.589E-4     5E-4
2447794.52177       2447794.522417     13543    9.15797E-5    5E-4
2447795.49947       2447795.500117     13549    -3.79998E-5   5E-4
2447796.47787       2447796.478517     13557    5.3242E-4     5E-4
2447798.43327       2447798.433917     13571    2.7326E-4     5E-4
2447800.38867       2447800.389317     13585    1.40998E-5    5E-4
2447801.36637       2447801.367017     13591    -1.1548E-4    5E-4     

Our new observations                                               
HJD                  BJD                 E        (O-C)(days)      Err   
2456084.28321        2456084.28321       72887     0.00109         5E-5  
2458397.13120        2458397.1312        89444     0.00274         2E-5  
2456429.31806        2456429.31806       75357     0.00178         9E-5  
2455447.01812        2455447.01812       68325     0.0015          8.7E-4
2455453.02407        2455453.02407       68368     7.8408E-4       6E-5  
2456895.04401        2456895.04401       78691     0.00147         9E-5  